270
504
378
-306
-1494
-2898
-4086
-4770
-4911
-4705
-4441
-4381
-4264
-4127
-4036
-4011
-4052
-4084
-4064
-3977
-3885
-3833
-3831
-3834
-3814
-3756
-3707
-3682
-3696
-3707
-3637
-3471
-3211
-2883
-2510
-2188
-1976
-1921
-2040
-2248
-2452
-2605
-2627
-2601
-2604
-2695
-2828
-2991
-3102
-3175
-3254
-3384
-3572
-3797
-3949
-3996
-3992
-4011
-4060
-4124
-4134
-4103
-4049
-4043
-4114
-4249
-4366
-4428
-4442
-4460
-4486
-4491
-4411
-4276
-4168
-4165
-4325
-4686
-5136
-5508
-5484
-4791
-3168
-408
3433
7768
11522
13630
13428
10972
7131
3093
-131
-2116
-3082
-3462
-3576
-3603
-3663
-3727
-3838
-4036
-4281
-4534
-4802
-5032
-5202
-5307
-5304
-5228
-5178
-5163
-5200
-5253
-5253
-5200
-5148
-5150
-5192
-5263
-5313
-5338
-5346
-5338
-5313
-5278
-5205
-5143
-5110
-5149
-5203
-5208
-5130
-5045
-4994
-5020
-5099
-5163
-5151
-5086
-5017
-5010
-5039
-5055
-4994
-4897
-4828
-4853
-4946
-5023
-5020
-4931
-4792
-4668
-4585
-4523
-4453
-4386
-4348
-4335
-4315
-4254
-4141
-4047
-3971
-3897
-3827
-3738
-3625
-3514
-3406
-3296
-3153
-2981
-2774
-2605
-2470
-2367
-2254
-2138
-1995
-1866
-1745
-1667
-1605
-1537
-1449
-1370
-1312
-1307
-1330
-1376
-1421
-1473
-1551
-1687
-1854
-1981
-2085
-2197
-2334
-2523
-2724
-2904
-3045
-3149
-3247
-3356
-3482
-3577
-3660
-3758
-3866
-4000
-4114
-4165
-4124
-4044
-3983
-4008
-4134
-4317
-4460
-4512
-4478
-4392
-4314
-4275
-4273
-4307
-4339
-4384
-4413
-4411
-4362
-4288
-4263
-4276
-4324
-4343
-4323
-4234
-4122
-4039
-3994
-3957
-3943
-3973
-4072
-4189
-4283
-4296
-4210
-4025
-3849
-3783
-3843
-3940
-4003
-3988
-3927
-3880
-3877
-3942
-4011
-4048
-4030
-3987
-3964
-3954
-3940
-3929
-3918
-3929
-3955
-3967
-3942
-3921
-3943
-4002
-4071
-4114
-4071
-3987
-3915
-3915
-3987
-4056
-4086
-4050
-4019
-4041
-4095
-4162
-4209
-4189
-4116
-4066
-4059
-4069
-4063
-4014
-3959
-3966
-3994
-4030
-4063
-4090
-4105
-4135
-4191
-4232
-4205
-4150
-4111
-4123
-4154
-4171
-4124
-4008
-3917
-3884
-3937
-4021
-4060
-4036
-3980
-3918
-3878
-3874
-3904
-3919
-3947
-3953
-3893
-3776
-3639
-3548
-3523
-3579
-3654
-3653
-3514
-3295
-3076
-2871
-2637
-2364
-2059
-1833
-1758
-1903
-2189
-2485
-2646
-2660
-2628
-2644
-2761
-2934
-3063
-3125
-3119
-3126
-3153
-3271
-3446
-3653
-3842
-3973
-4047
-4056
-3975
-3888
-3854
-3940
-4098
-4260
-4334
-4298
-4208
-4139
-4127
-4154
-4144
-4095
-4036
-4028
-4114
-4234
-4428
-4710
-5002
-5118
-4788
-3685
-1517
1756
5737
9541
12160
12904
11562
8566
4905
1562
-839
-2223
-2867
-3114
-3202
-3289
-3453
-3654
-3929
-4264
-4587
-4843
-4981
-4968
-4843
-4705
-4651
-4715
-4865
-5017
-5103
-5115
-5079
-5028
-4991
-4953
-4895
-4871
-4911
-5016
-5113
-5153
-5100
-5023
-4964
-4950
-4981
-5009
-4969
-4897
-4868
-4897
-4969
-5024
-5009
-4956
-4919
-4934
-4984
-5015
-4979
-4880
-4796
-4773
-4782
-4796
-4765
-4681
-4605
-4592
-4619
-4618
-4534
-4394
-4270
-4210
-4171
-4153
-4108
-4050
-4016
-4029
-4057
-4052
-3911
-3676
-3415
-3208
-3058
-2980
-2913
-2855
-2802
-2737
-2667
-2599
-2474
-2300
-2107
-1931
-1786
-1672
-1561
-1491
-1473
-1481
-1502
-1512
-1517
-1509
-1494
-1489
-1491
-1504
-1521
-1600
-1757
-1990
-2220
-2339
-2378
-2396
-2439
-2555
-2724
-2857
-2927
-2957
-2992
-3094
-3250
-3367
-3415
-3423
-3442
-3531
-3688
-3810
-3863
-3849
-3818
-3803
-3806
-3814
-3806
-3788
-3775
-3815
-3872
-3903
-3909
-3866
-3834
-3813
-3808
-3809
-3806
-3786
-3763
-3746
-3706
-3635
-3549
-3456
-3427
-3440
-3492
-3530
-3532
-3499
-3493
-3521
-3570
-3611
-3598
-3542
-3461
-3403
-3378
-3341
-3278
-3233
-3241
-3318
-3404
-3457
-3435
-3403
-3382
-3388
-3422
-3449
-3429
-3391
-3357
-3380
-3407
-3422
-3378
-3337
-3345
-3388
-3444
-3487
-3480
-3456
-3430
-3441
-3467
-3494
-3467
-3441
-3430
-3441
-3467
-3494
-3467
-3441
-3430
-3441
-3467
-3494
-3467
-3441
-3445
-3454
-3460
-3456
-3416
-3376
-3357
-3380
-3407
-3422
-3378
-3337
-3345
-3403
-3457
-3480
-3457
-3403
-3345
-3352
-3406
-3458
-3433
-3331
-3187
-3056
-2945
-2862
-2802
-2737
-2673
-2657
-2716
-2816
-2877
-2847
-2746
-2577
-2343
-2053
-1730
-1444
-1276
-1284
-1440
-1683
-1888
-2011
-2085
-2175
-2275
-2356
-2385
-2389
-2407
-2457
-2535
-2624
-2677
-2748
-2863
-3049
-3259
-3407
-3458
-3469
-3490
-3554
-3641
-3714
-3694
-3632
-3583
-3613
-3718
-3820
-3855
-3851
-3831
-3809
-3761
-3695
-3604
-3567
-3706
-4089
-4637
-5054
-4977
-4150
-2428
260
3796
7779
11498
14082
14812
13440
10339
6462
2872
196
-1448
-2312
-2727
-2902
-2949
-2996
-3096
-3338
-3718
-4140
-4441
-4608
-4662
-4674
-4692
-4707
-4687
-4668
-4660
-4706
-4782
-4863
-4901
-4908
-4895
-4880
-4880
-4880
-4865
-4867
-4887
-4918
-4946
-4958
-4931
-4890
-4881
-4927
-4997
-5030
-4979
-4865
-4768
-4737
-4801
-4899
-4957
-4936
-4867
-4824
-4814
-4820
-4835
-4827
-4832
-4842
-4863
-4856
-4810
-4734
-4668
-4658
-4642
-4597
-4515
-4409
-4361
-4361
-4383
-4364
-4260
-4068
-3870
-3744
-3685
-3626
-3540
-3391
-3242
-3116
-3038
-2962
-2829
-2646
-2466
-2341
-2279
-2199
-2106
-1982
-1853
-1772
-1735
-1739
-1706
-1642
-1594
-1589
-1613
-1603
-1557
-1491
-1462
-1537
-1682
-1877
-2068
-2209
-2317
-2449
-2593
-2753
-2903
-3023
-3147
-3327
-3532
-3695
-3785
-3806
-3788
-3820
-3898
-4020
-4122
-4169
-4170
-4195
-4244
-4302
-4322
-4319
-4336
-4386
-4458
-4529
-4549
-4511
-4437
-4401
-4377
-4355
-4326
-4305
-4346
-4437
-4536
-4595
-4587
-4518
-4424
-4386
-4392
-4398
-4360
-4281
-4210
-4197
-4238
-4287
-4315
-4309
-4291
-4291
-4309
-4330
-4300
-4246
-4187
-4165
-4201
-4224
-4192
-4120
-4068
-4074
-4165
-4299
-4374
-4381
-4331
-4278
-4276
-4294
-4302
-4294
-4291
-4276
-4281
-4309
-4332
-4342
-4341
-4369
-4398
-4398
-4354
-4298
-4308
-4371
-4458
-4529
-4549
-4511
-4437
-4401
-4377
-4355
-4326
-4305
-4331
-4409
-4530
-4640
-4691
-4647
-4540
-4469
-4469
-4488
-4471
-4442
-4431
-4442
-4490
-4533
-4552
-4511
-4478
-4491
-4569
-4653
-4637
-4541
-4456
-4423
-4455
-4491
-4508
-4490
-4497
-4518
-4529
-4504
-4413
-4291
-4187
-4120
-4088
-4035
-3974
-3928
-3951
-3998
-4024
-3979
-3825
-3593
-3352
-3143
-2978
-2834
-2732
-2692
-2780
-2952
-3148
-3290
-3322
-3255
-3200
-3245
-3390
-3600
-3789
-3910
-4002
-4104
-4231
-4385
-4543
-4687
-4796
-4846
-4818
-4769
-4743
-4753
-4846
-5003
-5151
-5224
-5217
-5199
-5222
-5263
-5261
-5193
-5096
-4989
-4963
-5039
-5229
-5477
-5777
-6137
-6368
-6197
-5331
-3619
-1008
2422
6343
10136
12939
14072
13147
10298
6367
2428
-609
-2473
-3385
-3770
-3955
-4110
-4286
-4421
-4542
-4722
-4978
-5289
-5514
-5624
-5662
-5719
-5821
-5955
-6034
-6016
-5961
-5927
-5971
-6068
-6124
-6136
-6107
-6097
-6115
-6146
-6142
-6053
-5933
-5854
-5865
-5932
-5985
-5985
-5947
-5908
-5888
-5879
-5891
-5901
-5926
-5974
-6025
-6051
-6038
-5952
-5875
-5842
-5881
-5935
-5940
-5862
-5777
-5726
-5752
-5816
-5897
-5903
-5864
-5790
-5747
-5736
-5721
-5653
-5554
-5458
-5400
-5368
-5351
-5276
-5177
-5080
-5023
-4984
-4911
-4805
-4666
-4567
-4497
-4463
-4409
-4285
-4088
-3878
-3712
-3587
-3452
-3290
-3123
-3022
-2990
-3009
-2980
-2872
-2684
-2496
-2373
-2331
-2342
-2335
-2292
-2213
-2147
-2147
-2183
-2236
-2293
-2391
-2540
-2714
-2883
-3029
-3157
-3272
-3442
-3682
-3931
-4120
-4224
-4274
-4329
-4414
-4523
-4610
-4642
-4630
-4647
-4751
-4893
-5017
-5090
-5107
-5104
-5101
-5092
-5072
-5033
-4995
-4980
-5020
-5079
-5115
-5124
-5118
-5171
-5248
-5299
-5281
-5227
-5164
-5128
-5116
-5139
-5167
-5194
-5229
-5300
-5357
-5372
-5298
-5209
-5148
-5141
-5177
-5200
-5183
-5124
-5065
-5048
-5071
-5107
-5085
-5026
-4972
-4942
-4963
-4981
-4996
-4991
-4963
-4955
-4943
-4924
-4865
-4793
-4783
-4844
-4931
-4989
-5016
-5016
-5023
-5063
-5100
-5113
-5054
-4950
-4876
-4876
-4935
-5026
-5107
-5130
-5139
-5161
-5190
-5196
-5157
-5071
-4990
-4981
-5052
-5168
-5274
-5281
-5215
-5178
-5176
-5193
-5200
-5189
-5157
-5141
-5146
-5167
-5188
-5177
-5131
-5126
-5122
-5117
-5071
-5045
-5053
-5111
-5165
-5188
-5165
-5096
-5040
-5067
-5122
-5176
-5177
-5139
-5099
-5078
-5066
-5064
-5071
-5061
-5073
-5129
-5166
-5141
-5039
-4880
-4736
-4647
-4615
-4614
-4589
-4525
-4484
-4512
-4567
-4576
-4468
-4216
-3837
-3427
-3059
-2795
-2656
-2618
-2692
-2864
-3074
-3244
-3339
-3393
-3448
-3544
-3660
-3761
-3844
-3906
-3998
-4159
-4392
-4640
-4814
-4884
-4895
-4934
-5023
-5145
-5236
-5261
-5235
-5216
-5214
-5250
-5298
-5323
-5318
-5332
-5358
-5382
-5349
-5257
-5158
-5122
-5160
-5306
-5566
-5926
-6327
-6557
-6345
-5474
-3775
-1162
2263
6214
10082
13020
14270
13415
10549
6493
2359
-972
-3116
-4198
-4623
-4753
-4790
-4837
-4885
-4929
-5057
-5296
-5580
-5853
-6056
-6179
-6262
-6332
-6363
-6348
-6274
-6155
-6083
-6118
-6221
-6333
-6388
-6333
-6236
-6146
-6104
-6123
-6163
-6166
-6138
-6107
-6087
-6085
-6100
-6100
-6115
-6128
-6121
-6083
-6002
-5911
-5867
-5895
-5960
-6006
-5968
-5849
-5734
-5668
-5667
-5698
-5713
-5710
-5702
-5725
-5756
-5762
-5699
-5574
-5445
-5372
-5360
-5361
-5321
-5272
-5229
-5222
-5218
-5178
-5075
-4918
-4743
-4634
-4600
-4614
-4604
-4568
-4518
-4473
-4403
-4300
-4144
-3942
-3737
-3588
-3484
-3394
-3280
-3144
-3028
-2967
-2928
-2889
-2813
-2684
-2555
-2464
-2412
-2380
-2342
-2279
-2213
-2190
-2196
-2187
-2151
-2092
-2037
-2024
-2041
-2112
-2228
-2376
-2555
-2779
-3007
-3186
-3323
-3446
-3565
-3703
-3819
-3908
-3938
-3919
-3898
-3921
-3987
-4050
-4103
-4133
-4180
-4253
-4347
-4441
-4476
-4458
-4424
-4416
-4477
-4551
-4612
-4619
-4613
-4616
-4604
-4574
-4508
-4422
-4346
-4320
-4354
-4391
-4373
-4281
-4212
-4217
-4269
-4330
-4340
-4290
-4225
-4209
-4224
-4255
-4254
-4186
-4115
-4076
-4082
-4126
-4161
-4163
-4148
-4163
-4176
-4154
-4118
-4057
-4012
-3994
-3999
-4008
-4005
-3977
-3929
-3896
-3891
-3889
-3889
-3876
-3898
-3949
-4008
-4033
-4020
-3987
-3981
-4009
-4043
-4071
-4065
-4032
-4019
-4059
-4131
-4160
-4131
-4059
-4004
-4019
-4072
-4109
-4109
-4072
-4019
-4019
-4072
-4124
-4122
-4065
-3996
-3966
-3987
-4005
-4005
-3987
-3981
-4009
-4058
-4099
-4071
-4002
-3943
-3921
-3942
-3952
-3942
-3921
-3928
-3989
-4093
-4165
-4145
-4040
-3908
-3837
-3862
-3942
-4026
-4061
-4008
-3936
-3905
-3914
-3955
-3967
-3957
-3964
-3977
-3978
-3935
-3874
-3803
-3750
-3713
-3678
-3613
-3524
-3462
-3478
-3531
-3532
-3401
-3153
-2855
-2570
-2306
-2065
-1830
-1642
-1566
-1657
-1888
-2142
-2346
-2466
-2506
-2553
-2608
-2662
-2722
-2756
-2809
-2909
-3085
-3293
-3517
-3716
-3867
-4005
-4133
-4242
-4330
-4375
-4422
-4465
-4511
-4521
-4493
-4447
-4448
-4529
-4642
-4741
-4763
-4702
-4603
-4536
-4534
-4588
-4683
-4823
-5081
-5454
-5794
-5828
-5313
-4123
-2179
526
3881
7511
10698
12661
12777
10890
7451
3471
-26
-2489
-3894
-4506
-4668
-4638
-4587
-4596
-4686
-4885
-5200
-5546
-5773
-5883
-5934
-5969
-6020
-6080
-6121
-6138
-6167
-6213
-6267
-6310
-6267
-6168
-6098
-6103
-6208
-6340
-6411
-6386
-6306
-6222
-6172
-6197
-6278
-6367
-6470
-6563
-6620
-6598
-6488
-6323
-6204
-6186
-6250
-6320
-6372
-6411
-6474
-6581
-6685
-6704
-6598
-6374
-6175
-6107
-6185
-6290
-6345
-6327
-6296
-6263
-6256
-6242
-6194
-6095
-6000
-5963
-5999
-6060
-6108
-6128
-6158
-6164
-6132
-6006
-5796
-5595
-5471
-5487
-5587
-5672
-5650
-5512
-5327
-5188
-5116
-5087
-5022
-4886
-4706
-4586
-4520
-4474
-4385
-4236
-4087
-4005
-3981
-4013
-4014
-3933
-3778
-3641
-3529
-3461
-3408
-3345
-3302
-3316
-3365
-3464
-3569
-3660
-3736
-3828
-3904
-3980
-4057
-4135
-4201
-4298
-4431
-4593
-4785
-4958
-5122
-5286
-5392
-5425
-5401
-5375
-5360
-5392
-5478
-5558
-5618
-5634
-5674
-5751
-5800
-5762
-5662
-5573
-5545
-5576
-5640
-5698
-5740
-5757
-5837
-6009
-6183
-6242
-6144
-5966
-5827
-5811
-5878
-5939
-5899
-5745
-5599
-5569
-5667
-5797
-5848
-5814
-5756
-5749
-5819
-5898
-5851
-5703
-5554
-5472
-5491
-5571
-5618
-5643
-5669
-5680
-5684
-5658
-5567
-5468
-5409
-5417
-5486
-5565
-5605
-5619
-5659
-5723
-5809
-5835
-5772
-5672
-5600
-5579
-5605
-5620
-5573
-5474
-5371
-5323
-5387
-5531
-5693
-5822
-5888
-5875
-5801
-5710
-5629
-5576
-5556
-5591
-5672
-5744
-5762
-5696
-5584
-5507
-5507
-5569
-5668
-5741
-5761
-5755
-5767
-5796
-5834
-5878
-5916
-5975
-6028
-6006
-5900
-5784
-5728
-5750
-5824
-5857
-5817
-5740
-5683
-5704
-5794
-5856
-5783
-5595
-5394
-5248
-5211
-5232
-5231
-5183
-5108
-5068
-5055
-4981
-4747
-4369
-4043
-3906
-4002
-4227
-4402
-4432
-4346
-4303
-4375
-4539
-4705
-4782
-4834
-4936
-5118
-5329
-5518
-5623
-5680
-5745
-5826
-5905
-5955
-5950
-5924
-5891
-5819
-5710
-5654
-5719
-5970
-6332
-6655
-6763
-6577
-6192
-5831
-5740
-5901
-6196
-6462
-6625
-6735
-6873
-7098
-7256
-7042
-6145
-4286
-1362
2561
6951
10868
13288
13461
11268
7329
2832
-1095
-3812
-5320
-6005
-6262
-6323
-6352
-6377
-6438
-6592
-6830
-7031
-7134
-7100
-7015
-6961
-6997
-7082
-7160
-7170
-7129
-7083
-7078
-7074
-7069
-7023
-6997
-7005
-7048
-7104
-7147
-7155
-7114
-7070
-7070
-7099
-7142
-7154
-7157
-7142
-7089
-7033
-6970
-6925
-6894
-6921
-6981
-7052
-7062
-6979
-6862
-6777
-6750
-6836
-6968
-7073
-7108
-7079
-6964
-6825
-6690
-6577
-6527
-6544
-6571
-6555
-6458
-6310
-6226
-6267
-6365
-6417
-6381
-6239
-6069
-5940
-5893
-5875
-5802
-5657
-5527
-5460
-5476
-5519
-5548
-5504
-5377
-5150
-4858
-4587
-4352
-4194
-4161
-4222
-4303
-4351
-4310
-4162
-3972
-3841
-3752
-3731
-3715
-3682
-3650
-3641
-3686
-3793
-3893
-3950
-3953
-3991
-4087
-4235
-4385
-4531
-4671
-4787
-4908
-5024
-5085
-5109
-5150
-5246
-5421
-5591
-5672
-5661
-5606
-5573
-5616
-5735
-5860
-5911
-5882
-5788
-5695
-5614
-5563
-5563
-5629
-5738
-5822
-5828
-5764
-5632
-5493
-5424
-5442
-5495
-5520
-5476
-5440
-5450
-5519
-5563
-5553
-5487
-5407
-5372
-5376
-5367
-5284
-5126
-5013
-4991
-5066
-5195
-5281
-5294
-5265
-5224
-5168
-5087
-4999
-4961
-5010
-5139
-5236
-5252
-5190
-5097
-5087
-5169
-5289
-5353
-5285
-5093
-4799
-4523
-4336
-4300
-4456
-4767
-5205
-5640
-5944
-6033
-5846
-5389
-4766
-4237
-3994
-4125
-4551
-5046
-5382
-5451
-5249
-4920
-4619
-4476
-4497
-4665
-4908
-5123
-5228
-5209
-5091
-4980
-4910
-4880
-4850
-4810
-4740
-4636
-4517
-4419
-4373
-4373
-4434
-4560
-4670
-4716
-4704
-4651
-4596
-4607
-4641
-4656
-4600
-4457
-4293
-4214
-4232
-4302
-4334
-4300
-4198
-4115
-4058
-4016
-3902
-3653
-3266
-2813
-2427
-2185
-2087
-2138
-2295
-2493
-2677
-2835
-2964
-3060
-3147
-3183
-3171
-3134
-3100
-3096
-3176
-3272
-3344
-3403
-3516
-3689
-3952
-4259
-4495
-4617
-4624
-4577
-4573
-4636
-4692
-4700
-4662
-4610
-4572
-4610
-4662
-4685
-4634
-4559
-4518
-4668
-5055
-5590
-6033
-6072
-5347
-3492
-190
4474
9823
14606
17503
17594
14869
10344
5549
1730
-616
-1715
-2099
-2271
-2464
-2758
-3121
-3506
-3938
-4352
-4627
-4749
-4804
-4867
-4971
-5112
-5206
-5202
-5154
-5087
-5056
-5081
-5143
-5200
-5273
-5335
-5359
-5357
-5313
-5207
-5128
-5125
-5162
-5181
-5157
-5086
-5018
-5002
-5035
-5085
-5098
-5041
-4972
-4942
-4948
-4968
-4988
-5001
-5008
-5050
-5107
-5151
-5135
-5056
-4963
-4897
-4859
-4852
-4865
-4880
-4895
-4923
-4914
-4856
-4774
-4681
-4611
-4575
-4536
-4457
-4307
-4129
-4013
-3994
-3991
-3926
-3757
-3524
-3318
-3230
-3223
-3217
-3106
-2898
-2673
-2504
-2402
-2318
-2170
-1952
-1704
-1530
-1445
-1421
-1419
-1394
-1309
-1222
-1121
-1034
-985
-984
-1004
-1066
-1136
-1210
-1293
-1370
-1453
-1621
-1821
-2028
-2221
-2410
-2574
-2759
-2933
-3103
-3234
-3273
-3302
-3389
-3559
-3762
-3901
-3944
-3887
-3810
-3762
-3770
-3816
-3861
-3943
-4047
-4169
-4275
-4313
-4280
-4208
-4157
-4133
-4126
-4110
-4082
-4070
-4097
-4123
-4149
-4151
-4103
-4040
-4006
-3987
-3995
-3987
-3950
-3874
-3832
-3820
-3861
-3947
-3988
-3976
-3934
-3873
-3834
-3806
-3783
-3721
-3677
-3661
-3685
-3709
-3703
-3682
-3692
-3721
-3731
-3706
-3638
-3561
-3547
-3594
-3672
-3699
-3635
-3556
-3545
-3594
-3659
-3691
-3660
-3629
-3646
-3713
-3782
-3817
-3779
-3720
-3682
-3653
-3613
-3534
-3465
-3457
-3531
-3643
-3712
-3702
-3622
-3538
-3503
-3541
-3615
-3666
-3688
-3675
-3660
-3660
-3660
-3660
-3645
-3647
-3667
-3698
-3726
-3723
-3713
-3705
-3705
-3728
-3736
-3704
-3647
-3608
-3622
-3688
-3749
-3708
-3568
-3419
-3311
-3310
-3346
-3329
-3261
-3183
-3155
-3227
-3355
-3405
-3242
-2877
-2406
-1999
-1757
-1695
-1747
-1819
-1896
-1983
-2090
-2219
-2369
-2521
-2655
-2740
-2770
-2755
-2756
-2802
-2941
-3182
-3447
-3664
-3807
-3909
-4000
-4086
-4174
-4212
-4182
-4118
-4059
-4032
-4010
-3984
-3971
-3989
-4064
-4170
-4285
-4349
-4330
-4253
-4182
-4212
-4421
-4780
-5142
-5232
-4691
-3062
25
4542
9729
14280
16885
16730
13917
9495
4929
1399
-683
-1598
-1901
-2017
-2192
-2481
-2808
-3103
-3367
-3586
-3745
-3835
-3849
-3786
-3741
-3811
-4083
-4586
-5228
-5796
-6127
-6167
-5993
-5770
-5638
-5606
-5618
-5601
-5512
-5368
-5224
-5120
-5075
-5066
-5081
-5118
-5184
-5241
-5261
-5230
-5162
-5091
-5052
-5058
-5102
-5137
-5124
-5096
-5103
-5141
-5207
-5285
-5351
-5404
-5424
-5419
-5364
-5263
-5126
-5056
-5077
-5172
-5281
-5339
-5292
-5209
-5147
-5149
-5181
-5170
-5094
-5023
-4970
-4948
-4926
-4869
-4755
-4620
-4490
-4355
-4228
-4114
-4034
-4034
-4070
-4090
-4023
-3815
-3497
-3176
-2946
-2769
-2619
-2467
-2288
-2169
-2165
-2273
-2407
-2475
-2421
-2279
-2172
-2124
-2121
-2114
-2077
-2046
-2054
-2117
-2205
-2318
-2508
-2817
-3232
-3653
-3958
-4095
-4111
-4107
-4142
-4236
-4360
-4473
-4531
-4561
-4581
-4591
-4586
-4570
-4570
-4623
-4694
-4740
-4737
-4746
-4749
-4774
-4851
-4973
-5069
-5083
-4993
-4892
-4854
-4874
-4901
-4904
-4848
-4751
-4692
-4713
-4775
-4816
-4775
-4713
-4707
-4779
-4884
-4915
-4839
-4666
-4518
-4480
-4555
-4663
-4703
-4647
-4528
-4431
-4386
-4355
-4317
-4275
-4255
-4286
-4369
-4453
-4485
-4441
-4331
-4218
-4120
-4086
-4121
-4216
-4318
-4370
-4343
-4247
-4151
-4140
-4248
-4426
-4540
-4510
-4385
-4249
-4208
-4278
-4420
-4534
-4584
-4623
-4673
-4738
-4799
-4759
-4598
-4399
-4235
-4052
-3788
-3422
-3037
-2858
-3010
-3534
-4300
-5049
-5511
-5655
-5555
-5335
-5045
-4677
-4263
-3922
-3797
-3935
-4268
-4641
-4874
-4926
-4835
-4701
-4599
-4506
-4392
-4263
-4172
-4105
-4060
-4029
-4019
-4047
-4123
-4208
-4195
-3974
-3536
-3019
-2587
-2345
-2323
-2434
-2572
-2669
-2723
-2814
-2941
-3050
-3095
-3106
-3118
-3193
-3327
-3499
-3690
-3898
-4128
-4373
-4568
-4659
-4615
-4505
-4418
-4416
-4453
-4493
-4500
-4485
-4514
-4607
-4723
-4792
-4763
-4651
-4522
-4458
-4468
-4535
-4663
-4873
-5250
-5749
-6107
-5924
-4890
-2781
512
4765
9345
13300
15616
15591
13136
9024
4555
900
-1378
-2433
-2757
-2868
-3052
-3407
-3804
-4169
-4512
-4799
-4978
-5062
-5118
-5248
-5473
-5742
-5957
-6043
